[EditorConfig]
WorldGridScale=1.000000
CameraSpeed=10.000000
