[EditorConfig]
WorldGridScale=10.000000
CameraSpeed=10.000000
