[EditorConfig]
WorldGridScale=10.000000
CameraSpeed=2.000000
