[EditorConfig]
WorldGridScale=0.100000
CameraSpeed=10.000000
